# Met Data from ERA5 reanalysis	Lat = 50.500	Lon= 	-5					
Time	U10	V10	Temp	MSLP	RH	Nebu	Precip	Evap
s	ms-1	ms-1	degC	hPa	%	octa	m	m
0.	6.09	4.92	11.2	1009	95.4	8	0	0
21600.	6.09	6.17	11	1005	94.1	8	0	0
43200.	5.95	-1.59	9.8	1005	93.8	8	0	0
64800.	6.79	0.76	9	1007	86.8	1.8	0	0
86400.	7.98	-1.8	6.7	1010	76.1	1.6	0	0
108000.	6.32	0.15	5.4	1011	69.4	1.3	0	0
129600	7.05	4.63	8.4	1011	62.8	5.9	0	0
151200	2.08	7.53	7.2	1006	86.3	8	0	0
172800	3.59	4.05	6.3	1001	91.6	8	0	0
194400	2.44	0.93	4.4	1000	89	6.8	0	0
216000	3.08	-0.2	7.5	1004	74.2	5.3	0	0
237600	0.47	-0.52	7.6	1006	72.9	3.2	0	0
259200	-2.3	-2.27	4.4	1010	85.5	7.5	0	0
280800	-1.16	-4.02	3.7	1012	90.3	7.9	0	0
302400	-4.61	-6.63	8.3	1014	80.6	8	0	0
324000	-3.37	-5.63	8.6	1016	84.5	7.8	0	0
345600	-6.39	-5.31	7.7	1019	81.1	1.4	0	0
367200	-5.96	-2.6	7.5	1023	85.9	7.3	0	0
388800	-5.98	-1.25	8.9	1028	85.7	8	0	0
410400	-4.32	-1.92	10.8	1029	80.8	6.5	0	0
432000	-3.92	-2.71	8	1030	87	0	0	0
453600	-5.53	-2.47	5.9	1028	88.4	0	0	0
475200	-5.99	-3.37	13.9	1027	48.3	0	0	0
496800	-5.07	-4.36	12.5	1023	52.2	1	0	0
518400	-6.2	-1.57	8.4	1022	44.6	2.5	0	0
540000	-6.64	-1.12	6.7	1020	59.1	1.9	0	0
561600	-8.02	1.74	12.8	1020	63.8	2.9	0	0
583200	-6.38	1.77	11.4	1019	67.3	5.6	0	0
604800	-5.54	1.36	8.8	1020	88.2	0	0	0
626400	-4.43	0.92	7.7	1019	91.9	0	0	0
648000	-5.96	1.35	14.4	1019	72.1	0.5	0	0
669600	-5.47	1.15	12.1	1017	75.3	3.1	0	0
691200	-3.62	3.26	8.7	1016	89.9	2.1	0	0
712800	-0.41	4.58	9.8	1016	96.4	8	0	0
734400	3.04	6.91	13.6	1018	86.4	7.6	0	0
756000	-0.07	8.16	11.3	1017	92.2	8	0	0
777600	3.75	6.65	11.6	1019	95.8	8	0	0
799200	1.97	6.99	11.9	1018	97.2	8	0	0
820800	1.32	7.88	12.9	1019	93	8	0	0
842400	1.57	9.08	12.5	1017	92.8	8	0	0
864000	2.03	7.41	12.6	1018	95.6	8	0	0
885600	0.83	8.42	12.5	1016	94	8	0	0
907200	0.25	8.09	14.6	1015	83.3	7.9	0	0
928800	-0.4	6.88	12.8	1011	84.7	8	0	0
950400	0.23	10.13	12.1	1008	93.2	8	0	0
972000	3.03	5.36	10.4	1007	94.1	1.7	0	0
993600	3.29	9.13	13.5	1007	86.1	7.3	0	0
1015200	1.73	5.85	10.8	1005	91.4	8	0	0
1036800	1.08	2.55	9.1	1005	90.4	7.6	0	0
1058400	2.53	1.5	7.6	1007	97.3	2.2	0	0
1080000	4.78	-3.52	10.2	1011	88.1	4.9	0	0
1101600	4.9	-4.41	10.9	1014	86.1	1.2	0	0
1123200	2.42	-4.09	9.4	1019	90.9	2.7	0	0
1144800	0.6	-3.4	7.4	1022	93.9	0.2	0	0
1166400	0.8	-2.37	12.5	1024	76.3	2.7	0	0
1188000	0.85	-2.4	10.8	1025	81	4.6	0	0
1209600	-0.47	2.47	5.9	1025	95.7	0	0	0
1231200	-0.6	3.73	6.9	1024	95.4	3.8	0	0
1252800	1.99	6.98	12.4	1024	74.4	8	0	0
1274400	2.36	6.11	11.3	1022	86.3	8	0	0
1296000	5.74	-0.66	10.8	1023	93.7	4	0	0
1317600	3.7	-6	9.8	1025	94.3	8	0	0
1339200	-0.13	-8.39	10.1	1030	85.3	7.7	0	0
1360800	0.79	-7.2	9.6	1031	75.8	7.8	0	0
1382400	-0.63	-5.15	7.6	1033	85.7	0.1	0	0
1404000	-0.3	-4.3	6.7	1034	91.9	0.6	0	0
1425600	-0.37	-5.72	11	1035	71.2	7.2	0	0
1447200	0.21	-6.05	9.5	1033	78.5	5.2	0	0
1468800	-1.24	-4.59	7.4	1033	89.4	0.1	0	0
1490400	-1.46	-1.87	5.5	1033	94.2	0.4	0	0
1512000	-0.47	-2.61	12.2	1033	67.8	6.6	0	0
1533600	-0.3	-4.17	10.6	1030	78.7	1.4	0	0
1555200	-0.77	-2.19	6.1	1030	92.8	0.6	0	0
1576800	-1.74	-1.55	4.6	1028	98.6	2.6	0	0
1598400	-0.59	-0.82	12.7	1027	77.2	6.9	0	0
1620000	-0.36	-0.68	12.6	1025	74.8	4.5	0	0
1641600	-1.87	0.65	6.6	1025	96.6	0.8	0	0
1663200	-2.65	1.4	6.6	1023	92.2	1.6	0	0
1684800	-4.47	3.87	16.9	1021	66.5	0	0	0
1706400	-4.04	4.05	14.7	1018	72.1	0.1	0	0
1728000	-2.29	3.07	10.8	1018	89.3	0	0	0
1749600	-0.44	2.51	9.3	1018	93.3	0	0	0
1771200	4.54	-0.74	12.6	1022	84.6	7.2	0	0
1792800	4.16	-4	11.1	1023	77.5	8	0	0
1814400	3.51	-1.66	9.5	1025	96.3	1.3	0	0
1836000	0.49	-4.77	8.9	1028	89.5	6.8	0	0
1857600	1.17	-5.92	10.9	1030	70.7	7.7	0	0
1879200	0.77	-6.17	9.6	1030	67.4	8	0	0
1900800	0.63	-2.65	7.2	1030	84.9	7.2	0	0
1922400	-0.24	-2.21	5.1	1030	93.9	7.8	0	0
1944000	1.49	-2.23	12.3	1030	67.4	6	0	0
1965600	2.22	-2.83	10.1	1028	78.1	5.4	0	0
1987200	3.42	-0.6	7.7	1027	88.1	7.8	0	0
2008800	4.5	-1.83	8.9	1024	81.1	6.5	0	0
2030400	5.7	-2.66	11.6	1023	72.6	7	0	0
2052000	4.8	-2.87	10.9	1021	86.7	5.9	0	0
